         0   23.4980    4.8110   23.4980
    4.8110   23.4980    4.8110   24.9970
    4.8110   24.9970    5.2810   24.9970
    5.2810   25.8870    4.8110   25.8870
    4.8110   25.8870    4.8110   27.3860
    4.8110   27.3860         0   27.3860
         0   27.3860         0   23.4980
    7.7510   29.8020    7.7510   31.2660
    7.7510   31.2660    7.2860   31.2660
    7.2860   32.1560    7.7510   32.1560
    7.7510   32.1560    7.7510   32.7100
    7.7510   32.7100   12.5620   32.7100
   12.5620   32.7100   12.5620   29.8020
   12.5620   29.8020    7.7510   29.8020
         0   20.9880    4.8110   20.9880
    4.8110   20.9880    4.8110   22.0140
    4.8110   22.0140    5.2810   22.0140
    5.2810   22.9040    4.8110   22.9040
    4.8110   22.9040    4.8110   23.4130
    4.8110   23.4130         0   23.4130
         0   23.4130         0   20.9880
         0   32.5010    4.8110   32.5010
    4.8110   32.5010    4.8110   34.0150
    4.8110   34.0150    5.2810   34.0150
    5.2810   34.9050    4.8110   34.9050
    4.8110   34.9050    4.8110   35.7050
    4.8110   35.7050    3.2120   35.7050
    3.2120   35.7050    3.2120   38.9250
    3.2120   38.9250         0   38.9250
         0   38.9250         0   32.5010
         0         0    4.8110         0
    4.8110         0    4.8110    3.8920
    4.8110    3.8920    5.2810    3.8920
    5.2810    4.7820    4.8110    4.7820
    4.8110    4.7820    4.8110    5.8330
    4.8110    5.8330         0    5.8330
         0    5.8330         0         0
    7.2890   36.4360    5.2810   36.4360
         0   14.5080    4.8110   14.5080
    4.8110   14.5080    4.8110   16.0160
    4.8110   16.0160    5.2810   16.0160
    5.2810   16.9060    4.8110   16.9060
    4.8110   16.9060    4.8110   18.3960
    4.8110   18.3960         0   18.3960
         0   18.3960         0   14.5080
         0   18.4780    4.8110   18.4780
    4.8110   18.4780    4.8110   19.0160
    4.8110   19.0160    5.2810   19.0160
    5.2810   19.9060    4.8110   19.9060
    4.8110   19.9060    4.8110   20.8840
    4.8110   20.8840         0   20.8840
         0   20.8840         0   18.4780
    7.7510   23.7880    7.7510   25.2710
    7.7510   25.2710    7.2860   25.2710
    7.2860   26.1610    7.7510   26.1610
    7.7510   26.1610    7.7510   27.1850
    7.7510   27.1850   12.5620   27.1850
   12.5620   27.1850   12.5620   23.7880
   12.5620   23.7880    7.7510   23.7880
    7.7510   27.2770    7.7510   28.2690
    7.7510   28.2690    7.2860   28.2690
    7.2860   29.1590    7.7510   29.1590
    7.7510   29.1590    7.7510   29.6900
    7.7510   29.6900   12.5620   29.6900
   12.5620   29.6900   12.5620   27.2770
   12.5620   27.2770    7.7510   27.2770
         0   27.4920    4.8110   27.4920
    4.8110   27.4920    4.8110   28.0170
    4.8110   28.0170    5.2810   28.0170
    5.2810   28.9070    4.8110   28.9070
    4.8110   28.9070    4.8110   29.8990
    4.8110   29.8990         0   29.8990
         0   29.8990         0   27.4920
    7.7510   12.1840    7.7510   13.2060
    7.7510   13.2060    7.2860   13.2060
    7.2860   14.0960    7.7510   14.0960
    7.7510   14.0960    7.7510   17.6000
    7.7510   17.6000   12.5620   17.6000
   12.5620   17.6000   12.5620   12.1840
   12.5620   12.1840   11.2620   12.1840
   11.2620   12.1840   11.2620   11.5940
   11.2620   11.5940    8.4610   11.5940
    8.4610   11.5940    8.4610   12.1840
    8.4610   12.1840   11.2620   12.1840
    8.4610   12.1840    7.7510   12.1840
    7.7510   32.7530    7.7510   34.2500
    7.7510   34.2500    7.2860   34.2500
    7.2860   35.1400    7.7510   35.1400
    7.7510   35.1400    7.7510   36.2130
    7.7510   36.2130   12.5620   36.2130
   12.5620   36.2130   12.5620   32.7530
   12.5620   32.7530    7.7510   32.7530
         0   29.9930    4.8110   29.9930
    4.8110   29.9930    4.8110   31.0070
    4.8110   31.0070    5.2810   31.0070
    5.2810   31.8970    4.8110   31.8970
    4.8110   31.8970    4.8110   32.4120
    4.8110   32.4120         0   32.4120
         0   32.4120         0   29.9930
    7.7510   17.7430    7.7510   19.2280
    7.7510   19.2280    7.2860   19.2280
    7.2860   20.1180    7.7510   20.1180
    7.7510   20.1180    7.7510   21.1110
    7.7510   21.1110   12.5620   21.1110
   12.5620   21.1110   12.5620   17.7430
   12.5620   17.7430    7.7510   17.7430
    7.7510   21.2790    7.7510   22.2590
    7.7510   22.2590    7.2860   22.2590
    7.2860   23.1490    7.7510   23.1490
    7.7510   23.1490    7.7510   23.7040
    7.7510   23.7040   12.5620   23.7040
   12.5620   23.7040   12.5620   21.2790
   12.5620   21.2790    7.7510   21.2790
         0   11.9640    4.8110   11.9640
    4.8110   11.9640    4.8110   13.0090
    4.8110   13.0090    5.2810   13.0090
    5.2810   13.8990    4.8110   13.8990
    4.8110   13.8990    4.8110   14.3790
    4.8110   14.3790         0   14.3790
         0   14.3790         0   11.9640
         0    9.4580    4.8110    9.4580
    4.8110    9.4580    4.8110    9.9980
    4.8110    9.9980    5.2810    9.9980
    5.2810   10.8880    4.8110   10.8880
    4.8110   10.8880    4.8110   11.8740
    4.8110   11.8740         0   11.8740
         0   11.8740         0    9.4580
         0    5.9970    4.8110    5.9970
    4.8110    5.9970    4.8110    7.0270
    4.8110    7.0270    5.2810    7.0270
    5.2810    7.9170    4.8110    7.9170
    4.8110    7.9170    4.8110    9.3980
    4.8110    9.3980         0    9.3980
         0    9.3980         0    5.9970
    7.2860   10.0000    7.2860   13.2060
    7.2860   14.0970    7.2860   19.2260
    7.2860   20.1200    7.2860   22.2580
    7.2860   23.1480    7.2860   25.2710
    7.2860   26.1610    7.2860   28.2696
    7.2860   29.1600    7.2860   31.2659
    7.2860   32.1544    7.2860   34.2498
    7.2860   35.1406    7.2860   36.4120
    5.2810    3.3350    5.2810    3.9000
    5.2810    4.7820    5.2810    7.0270
    5.2810    7.9170    5.2810    9.9980
    5.2810   10.9000    5.2810   13.0100
    5.2810   13.9000    5.2810   16.0100
    5.2810   16.9100    5.2810   19.0100
    5.2810   19.9040    5.2810   22.0100
    5.2810   22.9100    5.2810   24.9900
    5.2810   25.8900    5.2810   28.0200
    5.2810   28.9050    5.2810   31.0000
    5.2810   31.9000    5.2810   34.0100
    5.2810   34.9000    5.2810   36.4360
    5.2810    3.3350    7.2860    3.3350
    7.2860    3.3350    7.2860    3.5050
    7.2860    3.5050    8.8810    3.5050
    8.8810    3.5050    8.8810    7.0460
    8.8810    7.0460    9.0010    7.0460
    9.0010    7.0460    9.0010    5.8110
    9.0010    5.8110   11.3810    5.8110
   11.3810    5.8110   11.3810    8.6500
   11.3810    8.6500    9.0010    8.6500
    9.0010    8.6500    9.0010    7.9560
    9.0010    7.9560    8.8810    7.9560
    8.8810    7.9560    8.8810    8.6500
    8.8810    8.6500    7.2860    8.6500
    7.2860    8.6500    7.2860    9.1000
    7.2860    9.1000    7.3810    9.1000
    7.3810    9.1000    7.3810    9.5500
    7.3810    9.5500    7.3310    9.5500
    7.3310    9.5500    7.3310   10.0000
    7.3310   10.0000    7.2860   10.0000
    8.1760    3.5050    8.1760    5.1350
    8.1760    5.1350    8.8810    5.1350
    7.4240    6.9580    7.3540    6.6510
    7.3540    6.6510    7.3040    6.3430
    7.3040    6.3430    7.2790    6.0360
    7.2790    6.0360    7.2640    5.7280
    7.2640    5.7280    7.2790    5.4200
    7.2790    5.4200    7.3040    5.1130
    7.3040    5.1130    7.3540    4.8060
    7.3540    4.8060    7.4240    4.4980
    7.4240    4.4980    7.3110    4.4730
    7.3110    4.4730    7.2340    4.8060
    7.2340    4.8060    7.1840    5.1130
    7.1840    5.1130    7.1590    5.4200
    7.1590    5.4200    7.1440    5.7280
    7.1440    5.7280    7.1590    6.0360
    7.1590    6.0360    7.1840    6.3430
    7.1840    6.3430    7.2340    6.6510
    7.2340    6.6510    7.3110    6.9960
    7.3110    6.9960    7.4240    6.9580
    5.2810    8.9030    5.5960    8.9030
    5.5960    8.9030    5.5960    9.9030
    5.5960    9.9030    5.2810    9.9030
    7.2860   17.7690    6.8260   17.7690
    6.8260   17.7690    6.8260   18.7690
    6.8260   18.7690    7.2860   18.7690
    7.2860   21.0970    6.9710   21.0970
    6.9710   21.0970    6.9710   22.0970
    6.9710   22.0970    7.2860   22.0970
    7.2860   24.1010    6.9710   24.1010
    6.9710   24.1010    6.9710   25.1010
    6.9710   25.1010    7.2860   25.1010
    7.2860   27.1070    6.9710   27.1070
    6.9710   27.1070    6.9710   28.1070
    6.9710   28.1070    7.2860   28.1070
    7.2860   30.1080    6.9710   30.1080
    6.9710   30.1080    6.9710   31.1080
    6.9710   31.1080    7.2860   31.1080
    8.8820    8.0450    7.3020    8.0450
    7.3020    8.0450    7.3020    8.6510
